0.04 150 32302 1
0.0001 100 10000 0
0.04 150 3470 2
0.04 150 2406 2
0.0001 100 10000 0
0.04 150 3323 2
0.0001 100 10000 0
0.04 150 3055 2
0.0001 100 10000 0
0.0001 100 10000 0
0.04 150 31178 1
0.04 150 3449 2
0.0001 100 10000 0
0.04 150 4020 2
0.0001 100 10000 0
0.04 150 3084 2
0.0001 100 10000 0
0.04 150 2692 2
0.0001 100 10000 0
0.04 150 30451 1
0.04 150 2191 2
0.04 150 1395 2
0.04 150 3282 2
0.0001 100 10000 0
0.04 150 2556 2
0.0001 100 10000 0
0.04 150 37835 1
0.0001 100 10000 0
0.04 150 2667 2
0.04 150 2909 2
0.04 150 3711 2
0.0001 100 10000 0
0.04 150 3527 2
0.0001 100 10000 0
0.04 150 33323 1
0.04 150 3598 2
0.04 150 3019 2
0.0001 100 10000 0
0.04 150 3038 2
0.04 150 2982 2
0.04 150 26719 1
0.04 150 3287 2
0.04 150 3070 2
0.04 150 3104 2
0.04 150 2349 2
0.0001 100 10000 0
0.0001 100 10000 0
0.04 150 30395 1
0.0001 100 10000 0
0.04 150 3264 2
0.0001 100 10000 0
0.04 150 3291 2
0.04 150 2587 2
0.0001 100 10000 0
0.04 150 3343 2
0.04 150 29796 1
0.0001 100 10000 0
0.04 150 3912 2
0.04 150 3222 2
0.0001 100 10000 0
0.04 150 2765 2
0.04 150 2628 2
0.0001 100 10000 0
0.04 150 28288 1
0.04 150 2547 2
0.0001 100 10000 0
0.04 150 3021 2
0.0001 100 10000 0
0.04 150 2691 2
0.0001 100 10000 0
0.04 150 2949 2
0.0001 100 10000 0
0.04 150 24850 1
0.0001 100 10000 0
0.04 150 3281 2
0.0001 100 10000 0
0.04 150 3478 2
0.04 150 2618 2
0.04 150 3111 2
0.04 150 31206 1
0.04 150 2883 2
0.0001 100 10000 0
0.04 150 2859 2
0.04 150 3161 2
0.0001 100 10000 0
0.04 150 3117 2
0.04 150 39058 1
0.0001 100 10000 0
0.04 150 2822 2
0.0001 100 10000 0
0.04 150 3148 2
0.04 150 2604 2
0.0001 100 10000 0
0.0001 100 10000 0
0.04 150 2410 2
0.04 150 22879 1
0.04 150 3631 2
0.0001 100 10000 0
0.04 150 3080 2
0.0001 100 10000 0
0.04 150 2549 2
0.04 150 2748 2
0.04 150 28976 1
0.0001 100 10000 0
0.04 150 3362 2
0.04 150 2066 2
0.0001 100 10000 0
0.04 150 3321 2
0.04 150 2799 2
0.0001 100 10000 0
0.04 150 32305 1
0.04 150 3852 2
0.04 150 2675 2
0.0001 100 10000 0
0.04 150 2768 2
0.04 150 3772 2
0.0001 100 10000 0
0.04 150 27292 1
0.04 150 3514 2
0.0001 100 10000 0
0.0001 100 10000 0
0.04 150 3041 2
0.0001 100 10000 0
0.04 150 2930 2
0.0001 100 10000 0
0.04 150 2593 2
0.04 150 27411 1
0.04 150 3436 2
0.04 150 2385 2
0.04 150 3810 2
0.04 150 3154 2
0.0001 100 10000 0
0.04 150 31442 1
0.0001 100 10000 0
0.04 150 3573 2
0.04 150 2603 2
0.0001 100 10000 0
0.04 150 2881 2
0.04 150 2686 2
0.0001 100 10000 0
0.04 150 20038 1
0.04 150 3069 2
0.0001 100 10000 0
0.0001 100 10000 0
0.04 150 3361 2
0.0001 100 10000 0
0.04 150 2858 2
0.04 150 3079 2
0.04 150 28449 1
0.0001 100 10000 0
0.04 150 3280 2
0.0001 100 10000 0
0.04 150 3032 2
0.04 150 2279 2
0.04 150 2723 2
0.0001 100 10000 0
0.0001 100 10000 0
0.04 150 23167 1
0.04 150 1967 2
0.0001 100 10000 0
0.0001 100 10000 0
0.04 150 3384 2
0.04 150 3798 2
0.04 150 3439 2
0.0001 100 10000 0
0.04 150 21890 1
0.04 150 3010 2
0.0001 100 10000 0
0.04 150 2674 2
0.04 150 2089 2
0.0001 100 10000 0
0.04 150 2924 2
0.04 150 24099 1
0.04 150 3896 2
0.0001 100 10000 0
0.04 150 3741 2
0.04 150 3750 2
0.04 150 2898 2
0.0001 100 10000 0
0.0001 100 10000 0
0.04 150 27348 1
0.04 150 2519 2
0.04 150 3357 2
0.0001 100 10000 0
0.04 150 2809 2
0.0001 100 10000 0
0.04 150 3321 2
0.0001 100 10000 0
0.04 150 27186 1
0.04 150 2728 2
0.04 150 3594 2
0.0001 100 10000 0
0.04 150 3320 2
0.04 150 3299 2
0.04 150 30555 1
0.0001 100 10000 0
0.04 150 2700 2
0.04 150 2988 2
0.04 150 3398 2
0.0001 100 10000 0
0.04 150 3020 2
0.04 150 21023 1
0.04 150 3122 2
0.0001 100 10000 0
0.04 150 3897 2
0.04 150 3487 2
0.04 150 3106 2
0.04 150 39313 1
0.0001 100 10000 0
0.0001 100 10000 0
0.04 150 3794 2
0.04 150 2511 2
0.04 150 3351 2
0.0001 100 10000 0
0.0001 100 10000 0
0.04 150 3142 2
0.0001 100 10000 0
0.04 150 29262 1
0.0001 100 10000 0
0.04 150 2550 2
0.04 150 2506 2
0.0001 100 10000 0
0.04 150 3827 2
0.0001 100 10000 0
0.04 150 3280 2
0.0001 100 10000 0
0.04 150 32253 1
0.0001 100 10000 0
0.04 150 2687 2
0.04 150 3098 2
0.04 150 3071 2
0.04 150 2677 2
0.04 150 26395 1
0.04 150 2779 2
0.04 150 3617 2
0.04 150 1953 2
0.0001 100 10000 0
0.04 150 2788 2
0.04 150 33316 1
0.0001 100 10000 0
0.04 150 3090 2
0.0001 100 10000 0
0.04 150 2213 2
0.04 150 3099 2
0.04 150 2573 2
0.04 150 29541 1
0.0001 100 10000 0
0.04 150 3504 2
0.04 150 3734 2
0.04 150 3056 2
0.04 150 2733 2
0.0001 100 10000 0
0.04 150 37928 1
0.0001 100 10000 0
0.04 150 3454 2
0.0001 100 10000 0
0.04 150 2930 2
0.0001 100 10000 0
0.04 150 2132 2
0.0001 100 10000 0
0.0001 100 10000 0
0.04 150 2560 2
0.0001 100 10000 0
0.04 150 23021 1
0.04 150 2459 2
0.04 150 3559 2
0.0001 100 10000 0
0.0001 100 10000 0
0.04 150 3469 2
0.04 150 3446 2
0.04 150 34180 1
0.0001 100 10000 0
0.04 150 2623 2
0.0001 100 10000 0
0.0001 100 10000 0
0.0001 100 10000 0
0.04 150 2439 2
0.04 150 2361 2
0.0001 100 10000 0
0.04 150 3739 2
0.0001 100 10000 0
0.04 150 32903 1
0.0001 100 10000 0
0.04 150 2289 2
0.0001 100 10000 0
0.04 150 3096 2
0.04 150 2960 2
0.0001 100 10000 0
0.04 150 2984 2
0.0001 100 10000 0
0.04 150 24705 1
0.0001 100 10000 0
0.04 150 3102 2
0.04 150 2656 2
0.04 150 3424 2
0.0001 100 10000 0
0.04 150 3682 2
0.04 150 33004 1
0.04 150 3464 2
0.04 150 3003 2
0.04 150 3253 2
0.04 150 2971 2
0.0001 100 10000 0
0.04 150 36224 1
0.04 150 3004 2
0.0001 100 10000 0
0.04 150 3423 2
0.0001 100 10000 0
0.04 150 2246 2
0.04 150 3110 2
0.0001 100 10000 0
0.04 150 19882 1
0.0001 100 10000 0
0.04 150 2979 2
0.04 150 2720 2
0.0001 100 10000 0
0.04 150 3345 2
0.04 150 2920 2
0.04 150 20028 1
0.04 150 1669 2
0.04 150 3829 2
0.0001 100 10000 0
0.0001 100 10000 0
0.0001 100 10000 0
0.04 150 2461 2
0.0001 100 10000 0
0.04 150 3617 2
0.04 150 17208 1
0.04 150 2179 2
0.0001 100 10000 0
0.0001 100 10000 0
0.04 150 2718 2
0.0001 100 10000 0
0.0001 100 10000 0
0.04 150 3264 2
0.04 150 3330 2
0.0001 100 10000 0
0.04 150 24827 1
0.04 150 3574 2
0.0001 100 10000 0
0.04 150 2892 2
0.0001 100 10000 0
0.04 150 3188 2
0.0001 100 10000 0
0.04 150 4629 2
0.0001 100 10000 0
0.0001 100 10000 0
0.04 150 32359 1
0.04 150 4043 2
0.0001 100 10000 0
0.04 150 3294 2
0.04 150 2949 2
0.04 150 3341 2
0.04 150 35259 1
0.04 150 2849 2
0.04 150 3579 2
0.0001 100 10000 0
0.0001 100 10000 0
0.0001 100 10000 0
0.04 150 3575 2
0.0001 100 10000 0
0.04 150 2978 2
0.04 150 33590 1
0.04 150 3042 2
0.04 150 2574 2
0.04 150 3612 2
0.04 150 2251 2
0.0001 100 10000 0
0.0001 100 10000 0
0.04 150 41998 1
0.04 150 2696 2
0.0001 100 10000 0
0.04 150 3163 2
0.04 150 3449 2
0.0001 100 10000 0
0.0001 100 10000 0
0.04 150 3556 2
0.04 150 23699 1
0.0001 100 10000 0
0.04 150 3475 2
0.04 150 3271 2
0.0001 100 10000 0
0.04 150 3401 2
0.04 150 4263 2
0.0001 100 10000 0
0.04 150 31530 1
0.0001 100 10000 0
0.04 150 2328 2
0.04 150 4466 2
0.04 150 2826 2
0.04 150 2028 2
0.04 150 31523 1
0.04 150 3126 2
0.04 150 2848 2
0.0001 100 10000 0
0.04 150 2746 2
0.04 150 3049 2
0.04 150 32165 1
0.04 150 1899 2
0.0001 100 10000 0
0.04 150 3882 2
0.0001 100 10000 0
0.04 150 3221 2
0.0001 100 10000 0
0.04 150 2568 2
0.0001 100 10000 0
0.04 150 35405 1
0.04 150 2887 2
0.04 150 3030 2
0.04 150 3126 2
0.04 150 2436 2
0.04 150 28379 1
0.04 150 3153 2
0.04 150 2621 2
0.04 150 2099 2
0.0001 100 10000 0
0.04 150 3543 2
0.04 150 26272 1
0.0001 100 10000 0
0.04 150 2933 2
0.04 150 2561 2
0.0001 100 10000 0
0.04 150 2726 2
0.04 150 3490 2
0.04 150 42336 1
0.0001 100 10000 0
0.04 150 1868 2
0.04 150 3192 2
0.04 150 3043 2
0.04 150 3158 2
0.0001 100 10000 0
0.04 150 21207 1
0.04 150 3681 2
0.04 150 1788 2
0.04 150 3631 2
0.0001 100 10000 0
0.04 150 3305 2
0.0001 100 10000 0
0.04 150 29111 1
0.04 150 2159 2
0.0001 100 10000 0
0.04 150 3767 2
0.04 150 3405 2
0.0001 100 10000 0
0.04 150 2503 2
0.0001 100 10000 0
0.04 150 24525 1
0.0001 100 10000 0
0.04 150 2668 2
0.0001 100 10000 0
0.04 150 2681 2
0.0001 100 10000 0
0.04 150 3697 2
0.04 150 3102 2
0.0001 100 10000 0
0.04 150 28510 1
0.0001 100 10000 0
0.04 150 2746 2
0.04 150 2654 2
0.04 150 3286 2
0.0001 100 10000 0
0.04 150 3245 2
0.04 150 31399 1
0.04 150 3226 2
0.04 150 2766 2
0.0001 100 10000 0
0.04 150 2958 2
0.04 150 3239 2
0.04 150 33061 1
0.04 150 3104 2
0.04 150 2720 2
0.04 150 2838 2
0.04 150 2600 2
0.0001 100 10000 0
0.04 150 21973 1
0.0001 100 10000 0
0.04 150 3330 2
0.0001 100 10000 0
0.04 150 2893 2
0.04 150 3109 2
0.04 150 3025 2
0.04 150 24128 1
0.0001 100 10000 0
0.0001 100 10000 0
0.04 150 3010 2
0.04 150 3527 2
0.04 150 3357 2
0.0001 100 10000 0
0.04 150 2581 2
0.04 150 33149 1
0.04 150 2986 2
0.0001 100 10000 0
0.04 150 3457 2
0.0001 100 10000 0
0.04 150 2681 2
0.0001 100 10000 0
0.04 150 2484 2
0.04 150 23812 1
0.0001 100 10000 0
0.04 150 3002 2
0.0001 100 10000 0
0.04 150 2717 2
0.0001 100 10000 0
0.04 150 3412 2
0.04 150 4710 2
0.0001 100 10000 0
0.04 150 36244 1
0.0001 100 10000 0
0.04 150 2991 2
0.0001 100 10000 0
0.04 150 3021 2
0.04 150 2930 2
0.0001 100 10000 0
0.04 150 2035 2
0.04 150 34679 1
0.0001 100 10000 0
0.0001 100 10000 0
0.04 150 3212 2
0.04 150 2995 2
0.0001 100 10000 0
0.04 150 2932 2
0.0001 100 10000 0
0.04 150 3258 2
0.0001 100 10000 0
0.04 150 33600 1
0.04 150 2583 2
0.0001 100 10000 0
0.04 150 3674 2
0.0001 100 10000 0
0.0001 100 10000 0
0.04 150 3325 2
0.0001 100 10000 0
0.0001 100 10000 0
0.04 150 4038 2
0.0001 100 10000 0
0.0001 100 10000 0
0.04 150 32239 1
0.04 150 2658 2
0.0001 100 10000 0
0.0001 100 10000 0
0.04 150 3064 2
0.04 150 3562 2
0.0001 100 10000 0
0.04 150 3444 2
0.0001 100 10000 0
0.04 150 32826 1
0.04 150 2628 2
0.0001 100 10000 0
0.04 150 2914 2
0.04 150 2968 2
0.0001 100 10000 0
0.04 150 2445 2
0.0001 100 10000 0
0.0001 100 10000 0
0.04 150 35107 1
0.04 150 3019 2
0.04 150 1766 2
0.0001 100 10000 0
0.04 150 2775 2
0.04 150 2528 2
0.04 150 25784 1
0.04 150 3162 2
0.0001 100 10000 0
0.04 150 2891 2
0.04 150 2537 2
0.0001 100 10000 0
0.0001 100 10000 0
0.04 150 3168 2
0.0001 100 10000 0
0.0001 100 10000 0
0.04 150 25450 1
0.04 150 2146 2
0.04 150 3028 2
0.0001 100 10000 0
0.04 150 3484 2
0.04 150 3339 2
0.04 150 27290 1
0.04 150 3230 2
0.0001 100 10000 0
0.04 150 2802 2
0.04 150 3269 2
0.04 150 3381 2
0.04 150 27494 1
0.0001 100 10000 0
0.04 150 4006 2
0.0001 100 10000 0
0.04 150 3325 2
0.0001 100 10000 0
0.04 150 4066 2
0.04 150 2994 2
0.0001 100 10000 0
0.0001 100 10000 0
0.04 150 29085 1
0.04 150 3358 2
0.04 150 3764 2
0.0001 100 10000 0
0.04 150 3572 2
0.0001 100 10000 0
0.0001 100 10000 0
0.04 150 2811 2
0.04 150 31108 1
0.04 150 3178 2
0.0001 100 10000 0
0.04 150 2492 2
0.04 150 3306 2
0.0001 100 10000 0
0.04 150 3862 2
0.0001 100 10000 0
0.04 150 24821 1
0.0001 100 10000 0
0.04 150 2971 2
0.0001 100 10000 0
0.04 150 2770 2
0.0001 100 10000 0
0.04 150 3142 2
0.04 150 3586 2
0.0001 100 10000 0
0.0001 100 10000 0
0.04 150 35050 1
0.0001 100 10000 0
0.04 150 3204 2
0.04 150 3203 2
0.0001 100 10000 0
0.0001 100 10000 0
0.04 150 3488 2
0.04 150 2800 2
0.0001 100 10000 0
0.04 150 40504 1
0.04 150 2604 2
0.04 150 2917 2
0.0001 100 10000 0
0.04 150 3430 2
0.0001 100 10000 0
0.04 150 2635 2
0.04 150 24975 1
0.04 150 2742 2
0.0001 100 10000 0
0.0001 100 10000 0
0.04 150 2687 2
0.0001 100 10000 0
0.04 150 2732 2
0.04 150 2810 2
0.04 150 22571 1
0.04 150 2402 2
0.0001 100 10000 0
0.04 150 2806 2
0.0001 100 10000 0
0.04 150 2698 2
0.0001 100 10000 0
0.04 150 2493 2
0.0001 100 10000 0
0.04 150 28569 1
0.0001 100 10000 0
0.04 150 2364 2
0.04 150 4222 2
0.04 150 3211 2
0.04 150 3293 2
0.04 150 42638 1
0.0001 100 10000 0
0.0001 100 10000 0
0.0001 100 10000 0
0.04 150 2921 2
0.04 150 2705 2
0.0001 100 10000 0
0.04 150 3222 2
0.04 150 2783 2
0.0001 100 10000 0
0.04 150 30874 1
0.04 150 2565 2
0.0001 100 10000 0
0.04 150 3109 2
0.0001 100 10000 0
0.04 150 3474 2
0.04 150 2323 2
0.04 150 29847 1
0.0001 100 10000 0
0.04 150 3068 2
0.04 150 2752 2
0.04 150 3166 2
0.04 150 2122 2
0.04 150 32248 1
0.04 150 2778 2
0.0001 100 10000 0
0.04 150 3004 2
0.04 150 2415 2
0.0001 100 10000 0
0.0001 100 10000 0
0.04 150 3372 2
0.0001 100 10000 0
0.04 150 28489 1
0.0001 100 10000 0
0.04 150 3816 2
0.0001 100 10000 0
0.04 150 3053 2
0.0001 100 10000 0
0.04 150 3704 2
0.0001 100 10000 0
0.04 150 2915 2
0.04 150 43828 1
0.04 150 2293 2
0.04 150 3339 2
0.04 150 2545 2
0.04 150 3212 2
0.04 150 20890 1
0.04 150 1762 2
0.0001 100 10000 0
0.04 150 2173 2
0.04 150 3809 2
0.0001 100 10000 0
0.04 150 2065 2
0.04 150 27306 1
0.0001 100 10000 0
0.04 150 1928 2
0.04 150 3696 2
0.0001 100 10000 0
0.04 150 2794 2
0.0001 100 10000 0
0.04 150 3444 2
0.0001 100 10000 0
0.04 150 31948 1
0.04 150 2857 2
0.0001 100 10000 0
0.04 150 3554 2
0.0001 100 10000 0
0.04 150 3013 2
0.0001 100 10000 0
0.04 150 3233 2
0.0001 100 10000 0
0.04 150 28219 1
0.04 150 3207 2
0.0001 100 10000 0
0.04 150 2101 2
0.0001 100 10000 0
0.04 150 3680 2
0.0001 100 10000 0
0.04 150 2831 2
0.0001 100 10000 0
0.04 150 27042 1
0.0001 100 10000 0
0.04 150 3479 2
0.04 150 2657 2
0.0001 100 10000 0
0.04 150 3192 2
0.0001 100 10000 0
0.04 150 2694 2
0.04 150 30745 1
0.04 150 2602 2
0.0001 100 10000 0
0.04 150 2775 2
0.04 150 3362 2
0.04 150 2909 2
0.0001 100 10000 0
0.04 150 27067 1
0.0001 100 10000 0
0.04 150 2717 2
0.04 150 2220 2
0.0001 100 10000 0
0.04 150 3272 2
0.0001 100 10000 0
0.0001 100 10000 0
0.04 150 2854 2
0.0001 100 10000 0
0.04 150 25467 1
0.04 150 3497 2
0.0001 100 10000 0
0.04 150 3724 2
0.04 150 2763 2
0.0001 100 10000 0
0.04 150 3157 2
0.04 150 31362 1
0.04 150 2730 2
0.04 150 2360 2
0.0001 100 10000 0
0.04 150 3308 2
0.04 150 3347 2
0.0001 100 10000 0
0.04 150 24215 1
0.04 150 3195 2
0.0001 100 10000 0
0.04 150 3243 2
0.04 150 2254 2
0.0001 100 10000 0
0.04 150 2777 2
0.04 150 28953 1
0.0001 100 10000 0
0.04 150 3456 2
0.0001 100 10000 0
0.04 150 3244 2
0.0001 100 10000 0
0.04 150 3403 2
0.04 150 2768 2
0.04 150 26611 1
0.04 150 3018 2
0.04 150 3439 2
0.0001 100 10000 0
0.04 150 2612 2
0.04 150 3065 2
0.04 150 29587 1
0.04 150 3317 2
0.0001 100 10000 0
0.04 150 2972 2
0.0001 100 10000 0
0.04 150 3495 2
0.04 150 2920 2
0.0001 100 10000 0
0.04 150 25419 1
0.04 150 2996 2
0.04 150 3832 2
0.0001 100 10000 0
0.04 150 2083 2
0.0001 100 10000 0
0.0001 100 10000 0
0.04 150 2831 2
0.04 150 38900 1
0.0001 100 10000 0
0.04 150 4016 2
0.04 150 3824 2
0.04 150 3194 2
0.0001 100 10000 0
0.04 150 2417 2
0.04 150 36755 1
0.04 150 3374 2
0.0001 100 10000 0
0.04 150 2037 2
0.0001 100 10000 0
0.0001 100 10000 0
0.04 150 3182 2
0.0001 100 10000 0
0.0001 100 10000 0
0.04 150 2166 2
0.04 150 33602 1
0.04 150 2917 2
0.0001 100 10000 0
0.04 150 3134 2
0.04 150 2639 2
0.0001 100 10000 0
0.0001 100 10000 0
0.04 150 2487 2
0.04 150 26644 1
0.04 150 2171 2
0.0001 100 10000 0
0.0001 100 10000 0
0.04 150 3006 2
0.04 150 3825 2
0.04 150 3042 2
0.04 150 30892 1
0.04 150 2155 2
0.0001 100 10000 0
0.0001 100 10000 0
0.04 150 2842 2
0.04 150 2556 2
0.04 150 3005 2
0.04 150 35931 1
0.0001 100 10000 0
0.04 150 3938 2
0.04 150 3457 2
0.0001 100 10000 0
0.04 150 3035 2
0.04 150 3786 2
0.0001 100 10000 0
0.04 150 25082 1
0.04 150 3956 2
0.04 150 3019 2
0.0001 100 10000 0
0.04 150 2749 2
0.04 150 3027 2
0.0001 100 10000 0
0.04 150 32024 1
0.04 150 2224 2
0.04 150 3458 2
0.04 150 2716 2
0.04 150 3049 2
0.0001 100 10000 0
0.0001 100 10000 0
0.04 150 39521 1
0.04 150 2842 2
0.0001 100 10000 0
0.04 150 2763 2
0.04 150 3632 2
0.04 150 3537 2
0.0001 100 10000 0
0.04 150 17722 1
0.0001 100 10000 0
0.0001 100 10000 0
0.04 150 2410 2
0.04 150 3582 2
0.04 150 2281 2
0.0001 100 10000 0
0.04 150 2864 2
0.04 150 34647 1
0.04 150 2416 2
0.04 150 3822 2
0.04 150 2656 2
0.0001 100 10000 0
0.04 150 2972 2
0.04 150 26445 1
0.04 150 2458 2
0.0001 100 10000 0
0.04 150 2816 2
0.0001 100 10000 0
0.04 150 2180 2
0.0001 100 10000 0
0.04 150 2483 2
0.0001 100 10000 0
0.0001 100 10000 0
0.04 150 37170 1
0.0001 100 10000 0
0.04 150 3975 2
0.04 150 2602 2
0.0001 100 10000 0
0.0001 100 10000 0
0.04 150 1956 2
0.04 150 2870 2
0.0001 100 10000 0
0.04 150 26292 1
0.04 150 2315 2
0.04 150 1898 2
0.0001 100 10000 0
0.04 150 3435 2
0.04 150 4059 2
0.04 150 27903 1
0.04 150 3258 2
0.04 150 3174 2
0.0001 100 10000 0
0.04 150 2893 2
0.04 150 3090 2
0.04 150 25825 1
0.04 150 3137 2
0.04 150 3373 2
0.04 150 1980 2
0.0001 100 10000 0
0.04 150 3547 2
